002849000830570600500006000200961750000057018000000090410003062063294185000005370
061304800000060514429085300000753082000008003000400001904531070250009000010807045
800052040700000081045078096000060100062895370470031000913704058007000032000086000
605907031004003090097400026501080364230040159940105800453000610002604083800371245
827004095356020070409506832000257301003800500100630087504190720902705418700402900
287143560530090002946520731090370620403001050678000300052407006700802105010065073
006589407280764005004030609000308500867401290001090004605813042410627900028940130
006803175520067000870004062409270631600000000038406200185009020007600000064001080
000700195900018300400205786320007900591300470084901032647829003138006249059030067
635107824904658730187302690312904587076523009450071063748035900501080372093716058
050070006060004019000013250000400001005200703972500684600340000000000068090008030
207900460139670058000812093700248030304000076000007902013480527500731009900026314
070900008530008200640027305726390084183450729054000000090000000310009847060700903
890500061005172030000008070701200640200840100080016352040380720002907504008020903
050000004408050019160004528000560041001003802620189003000010400809625030005340296
906054200080096100050080070821400090730610052065239017003041528198023700502007931
800000000063952071509718030000420000306000040004006000005287913001369025932500786
043020050261459870500630240410780062300012580002564317028045006000076038607098420
47382873894852277294692651318364382961
400700382080000070030080900004008520000270000072940060926510030108360040300829601
400700382080000070030080900004008520000270000072940060926510030108360040300829601
004107029307290000029068701832009000470010950005672034261005003058030090903700510
046300000910008040003241000030900070250400000000100258000030016090850003300002090
000720009000309040200800107087000500360000470000000000800900200970001060120006000
400700382080000070030080900004008520000270000072940060926510030108360040300829601